36602428
31413725
35462283
67099685
48639758
38865876
17923964
86408512
32610671
99751375
43821929
91088544
24402309
37363523
16984190
48637204
19536410
62506046
89173206
28172318
44069121
12779776
36812044
87511293
95140850
60419894
62670201
20821366
60118346
26968221
54097874
50323085
70703406
21770123
57965223
63861001
18205512
18766245
18178682
79842191
25191825
95140005
26979361
29740262
66886971
48229168
48885700
28138252
83313846
68321192
77210702
68101511
95608918
69070301
37171749
29437084
61611661
19949486
90529963
22644072
83131515
86127730
71429653
46808780
25462499
42754293
61629576
95294634
72762423
45985385
92411240
60426896
59020659
93063172
70202098
34471615
14407883
56887322
79461525
59083953
97812520
50545066
36434360
19860918
73145949
17284239
54910318
87446559
83382760
17103996
76585580
99895039
74571677
82140427
14296555
13061949
83469579
24217934
24047688
17981849
70410554
48759981
56946423
26822122
58910414
95617076
81838485
46451835
42606811
70832270
23038079
21437211
65469532
43265100
51363174
32630659
89923500
62554448
35950715
12315185
64342985
17497950
54410426
64737398
58461530
21033240
41126382
45759033
67793566
29989287
74633382
95209453
77312310
57593303
39239839
14399428
58242933
31246851
28697326
75080414
26199195
85941057
84152891
91710696
70488398
10227125
82102393
74828960
28458189
16328426
16313544
29545997
99860023
44673828
30372250
63030763
46254784
14777303
84913126
35818096
59441921
33863454
26083718
60348019
53884345
58158033
69229726
27376442
58810475
24474343
52980083
28838191
67974525
71568384
87695741
84938242
69568645
36988676
48731714
51240731
57636474
27472698
68676826
11191105
33066379
60036956
10111460
73000187
97784828
80278512
16881022
55622882
81005737
77355551
34999889
69417954
36883206
27094882
17980801
97029256
53060050
20179626
62574997
27059740
28008487
50655501
86474074
55203931
49704922
61427236
42654183
99832957
65677446
37880084
37785545
12637753
39618250
28096056
66226595
81575451
45068597
56443084
98266452
29233156
68152807
16957308
50398805
85883595
18336829
43135007
25836618
95017816
59737944
81076610
62214061
54848577
48884176
91670359
38637181
14254901
80569079
29077395
21241339
37922146
78853964
42147315
44731609
81335505
44866910
57912801
67408188
58560798
12179259
26442231
49585521
14505969
84608882
29483464
23116098
13623913
22942583
83037785
10187766
68256083
14257825
86051163
15874366
39931820
90256114
89441329
26347979
66279934
93482825
34532539
61249146
64680752
37861417
37704099
61408145
18066555
65741409
79572086
87879204
94271036
88556306
48081652
96835326
41202169
66611245
18675748
44054000
95446836
63161699
17423574
83779906
61760574
43071503
14972838
24589843
85199698
48429774
93213186
85152170
52011819
92798067
96779770
78109230
23461403
65211874
38394870
29605442
45728954
30507200
12783974
88829338
70687803
13779922
86468316
53023196
89781935
76965018
67665764
11657330
34267738
53964423
82106949
45390994
60583827
14015187
79018841
26219654
96245793
17783950
46617400
13399452
62883895
27619365
79977154
78154133
29609621
37042833
54292478
23255783
85827741
98418059
41084480
10666633
88962300
89882230
97386441
83131094
84675055
40645279
29179411
71180359
47301634
13927080
98133654
79877297
86522961
13030928
58295488
82045986
68579140
14903554
44744917
68442437
55931940
32183952
74943910
18159623
25929212
82518760
60313868
41517740
58153170
30207418
91904954
28120586
80018679
17224087
29972503
34806632
95110274
23970882
42743678
98394858
97367028
68781487
69154597
89682623
30491243
52356067
23426897
26511321
59259745
20045910
51134477
76256341
82943975
57783954
85227373
85959753
85726094
94336601
74664501
18999098
27810947
75920095
56417043
32767189
93883393
88467835
58443005
85655913
59238932
91721644
71750721
13210382
66043080
78485739
67088684
67911816
57280188
31283768
38440724
70924074
23631759
94718648
20530139
55270505
57986518
21060868
36878710
97624401
68035585
51955809
29438655
75922489
33882507
83529391
94026892
17494191
90254102
51876901
10951402
57522962
24388379
73242633
37562981
40954295
86739808
90650152
59023086
54521472
79153704
67976615
94772572
32690674
96325026
30800412
87065993
58263561
62209173
24776786
62950681
35051876
81082235
84172508
28050243
22036480
51767749
49758990
23969823
44786192
94566455
10022172
19876802
26497419
87000034
38085294
92786818
21613236
82411226
12591859
34625604
34588130
66586787
29657626
24539699
85752167
60374453
19595828
78696891
21112979
56862795
35499642
73534688
43133277
83365381
20722026
72244246
86133941
26832804
52605680
76712956
40107077
92902600
60664997
30812056
99693617
69990915
46894357
12005662
74766957
61259385
29276549
86201235
27418043
98612734
32804090
55326097
38518844
12948828
27688974
91096623
92580922
72337102
75720253
18862953
67126350
23351364
41325122
34261683
89658458
84924231
55661285
33165625
57829219
29883397
32622961
65131711
34806645
98388870
93814848
25975323
56337042
91208477
29505685
26690384
78148295
18479171
45748372
18597592
70997228
88229016
47715634
95737002
27482592
69054402
15792952
25596255
18725274
76765310
28374058
53981936
82477454
12718669
15646245
15880231
32700263
19398215
48663835
86802153
26335642
57350745
32162452
70952153
64881585
29686925
52568386
12342158
14395645
80044151
33775365
18415474
59052635
48941933
61698154
35356651
97712407
89199768
42876387
37773936
38866565
21574461
26096659
32571186
98772952
17115270
61192658
77041200
84443274
75963015
94249585
38376764
26825333
11019411
20251899
28382941
95659535
40692917
27098059
71550418
16587045
99772397
86195736
34151595
74152609
15561917
35485469
35178717
21994466
88869327
70324009
10126743
66289454
27211414
81136083
57313446
79368259
88975473
51886452
54731665
66665541
12137120
90170235
49336850
47888973
67664666
26564083
14726056
24075690
93746225
67931191
18636001
50075958
94565272
91440509
23623276
79237450
83328688
44571148
61398213
20551490
28134445
10150128
53878317
94138619
79581263
79718597
84450688
46257885
92246194
80797410
91505457
10808706
92191784
55791458
81810959
82892859
44933389
61560529
68860580
57788952
20161638
32678766
91144965
85493558
33272842
28306751
16879943
23737361
43266376
83156774
28157594
91803487
76227185
12123916
22507045
86832452
19441839
37297533
82741368
40262803
63146751
87370488
67004167
16662950
29615695
89370740
96573544
40160316
93214267
89692199
89789691
31486179
57272576
50991605
94920294
54850387
10069510
47435186
35979783
31311732
93833145
45645108
66146861
58990955
41537227
61343982
77312137
90017426
89537692
78298426
31446575
56914658
75047651
17813198
62320213
43786217
77542159
92848122
44823499
35372571
84483380
28329221
90133554
20450218
30903044
83516241
12371491
35597144
91144214
76597972
16563665
92247670
22400420
34984525
69031812
82905777
15974587
17530102
75357406
38357910
48787315
25247481
76052153
77010256
20674304
36626251
75213413
93772832
87100403
49241774
83174823
44938419
73647633
74882508
85152458
46832925
79081713
44927822
78101658
77942137
81970055
95212818
85624739
63215054
45757453
76138132
36729006
42495633
94847042
16706529
63656574
73438412
72189079
65907188
18221137
41936810
86944100
68308763
44265071
62155331
33770799
89761808
66875292
17116789
99930385
83549934
71455966
21154269
41549441
70544584
41903878
20947047
18220226
22096322
56113693
61681175
79362842
45689225
27567507
90053585
68381519
27159647
24486987
59373792
33116330
78511084
57339491
60139790
88182477
66066484
39182312
74945484
47764820
54398050
63812116
54507138
43541693
74180050
22296374
53067154
13552386
68734006
29115624
44784407
85834550
88499391
76024441
31933440
81528954
22653628
75018015
62867231
58756534
45982755
82653675
50399290
67608970
35734518
56072452
91841420
79290426
86229131
23207222
63008467
57189635
76545554
26670006
33629872
87305537
44416439
90548352
67350211
49246800
91065470
17694580
23588777
16063808
34643681
66617674
77175041
35214819
50532232
91479555
81725024
68086345
56456715
55127999
85457476
75497471
22962718
99308562
58136253
43821920
39842193
54085176
15714421
35300591
47679207
96168515
90526073
45563684
65290500
71859513
72252231
31466470
27700750
76488143
20910709
68620675
51439751
58100319
49861607
50381948
76103856
12509820
20530518
70561084
65937643
64097690
63160155
26552743
28407899
61603382
20284137
30637578
27086730
98237169
90242022
43193143
96030847
48641384
30176703
13456948
33258951
13170280
93441369
69034815
76556309
30416074
13400297
23519321
79857883
62091013
33903514
29208906
17946950
90503027
86038351
44681696
63135455
13922297
46084820
14230244
25728587
91115546
78722010
32510136
65136130
45990186
10547362
83970262
49922232
64754623
98470129
59194053
42003214
15922369
35107997
63730186
13093900
74061282
38032053
32149046
51836633
50530042
34722138
18015949
14720147
38886766
19082211
65167788
54793290
18713853
94769017
73742383
21041824
54402786
22762037
18084179
86558372
64890036
30651498
10320604
36930151
81233714
57839606
66061127
91808478
66995143
86040699
76141867
71586855
23771276
72685732
41304902
89992186
49441812
20162168
73227810
98337798
21241268
13644615
38869600
69884096
32315166
99908791
71606497
52058068
34552336
91182867
58106552
10568688
34262809
75880420
86219067
15745114
49019348
16095153
60507535
16060768
29569091
83799047
57208028
35405397
25042181
80174161
11337069
32245279
62299302
97033367
41328299
21785040
98296328
55923855
89949650
18908571
71573444
62640874
21177469
49755659
40864794
69143023
93471075
68653068
19447643
53038162
37006821
40465280
89255901
60043028
50860694
58501676
45430105
32313044
89584149
35875665
50542055
59965630
14316440
66382469
36859396
63426037
18762977
25092979
11896321
28652573
32270605
27004434
83585827
23820707
97572244
30087920
18337073
73566045
82362565
80234947
68856441
74979533
19077737
58645805
87150440
68043860
12245649
74334908
87564058
19445040
98148099
36267059
55516599
68655858
16556670
64344669
17045309
60386783
78129885
32660081
84194581
55959128
28988903
13411366
73075805
52749393
58569836
37919744
25948400
53482052
51460226
37696175
70290366
39826153
24589865
69225801
80429275
23905616
22938042
68493090
35435892
22999177
98720596
18617989
39701412
60867840
79395298
18044872
59544533
68755572
19327472
57764159
74553270
26447316
78108982
42821519
42889301
95053368
19899774
81532275
16323240
25973830
35130576
25015551
39641585
43556732
90625038
59626965
56842217
30120542
31560167
45906890
80930466
63314991
95273357
83705511
68728573
56024886
24372894
78802450
91868319
18897052
81160975
84252613
56022674
33517707
24607301
16562214
63916214
47335844
32407365
63150020
58346330
61751138
70482227
12774319
14345637
70604563
61884461
21119243
71149263
84371531
95360230
13500266
70256305
81944780
76915150
33205929
34921631
60136440
71916104
48641902
55431688
49508691
56703586
58092903
52565094
66049343
34442448
73495986
10050066
52307448
93901301
53579120
82841525
37448943
65582514
71037463
10554078
41086331
81218422
62420967
55874812
87636737
99415276
41185926
55336836
29768212
79892716
34241071
91177613
40278417
88298076
17958798
57499159
49463272
49764243
69019738
89101307
87330994
10570556
64223873
61602703
80409876
18081791
92587610
94109886
13137922
89666979
78292396
14063411
63438859
74816779
36489070
39518624
70372292
17866033
60804748
53445818
25985557
80640709
50695761
69741749
39546859
78962069
31357335
66817031
31068068
26209295
97306752
36803849
49990006
91651814
57203121
36118409
45236532
39280522
84168300
85942909
43369676
72164792
67784363
86402689
58520882
20249420
81604607
26828159
28896322
92813733
47021256
28202653
56766018
83663337
21237527
88515075
57328108
90997221
32162552
12201060
29782483
60239637
74118459
50063473
72292430
27210305
93179965
81402389
44225941
82202938
93260732
77072816
39544763
41162782
90156264
87279288
85241106
43371385
96824502
90711311
33161867
45486701
25808085
65507836
58986481
59285890
35866042
25406231
93635860
90325934
74007935
25459486
23627956
73929140
38157316
45830520
59877504
25263394
65894244
34430195
60291458
68713801
84702613
60102287
96429865
20529118
29707265
74880451
30361970
20009368
67784977
18523816
53953923
93326364
51144257
67568904
64132076
14390070
20910754
37149969
51380625
42277743
16489926
47191613
97866456
21128012
80864268
52031778
98411712
72645432
91739225
42251012
24926102
22206930
20762137
12821830
39562788
52956580
31615765
91609047
28908339
59337995
13074656
83262229
87956704
49088311
82854709
62063709
52508264
98789187
63144059
44967689
55633418
20473934
68722227
73078762
77257017
26097764
56899865
30173832
23544910
90352093
18919923
96137122
62185727
49082872
20148659
27498100
38024609
66760996
49090560
28886917
98140940
28502175
10419476
40839098
45970098
50354987
27598351
17379655
32315359
91716421
72629344
50814334
74023756
32456634
56249677
41403945
82808123
19957361
37268343
47120841
55127458
91646725
76676456
95424556
48875962
98689962
76621609
31471825
30029220
32991341
52853510
84479582
95778985
46831177
30409482
29607347
97028026
24410725
75006117
48542270
47419913
36485396
14088886
48143997
15463057
26209915
37327555
19425601
46853083
63880245
21651673
90578951
45142924
24569250
45701898
33821655
35398286
98020719
11189445
94366011
30231361
88437713
11375177
95942183
98186141
38734464
66792543
46453358
92587494
63804520
95645324
99073320
76181549
58615382
49774051
83777554
35255458
98044486
59622846
79998385
83359814
28099984
33522348
58220783
71787229
40228072
31058979
52795612
14444608
10000007
17932129
66764650
45067507
23623937
68786258
26808975
64564904
75161058
12664816
36053626
16977642
44248176
66226682
29793852
90445147
95421973
36475521
86927862
88299970
91862426
39951035
73552741
77672464
63500056
60448225
80393007
74251410
83964941
12789411
53312255
64557652
42019974
92807561
38616516
28902807
99256052
54684063
51772859
53807587
93907391
38795950
44288556
13475491
30924904
29986271
79505864
92751860
51326456
34499420
82183249
92758226
71496507
26298735
28575276
97907331
94884011
65644644
45594639
53265492
39747536
73851401
40442204
45577454
10747328
64543892
22407915
39994152
95808141
41790461
49747661
46573481
28258217
33694693
76257192
57080355
82121396
74215137
14950191
26286587
42224706
21962824
28264840
12138001
47915915
56328038
32578843
71158783
97757532
44762948
97302944
35899281
71174543
26622204
81768055
12258567
72487957
38078004
31043790
65507213
49418755
77309125
66081590
71132322
20191348
72828417
85794703
33059718
47212133
50488338
33007422
66567027
36369428
31285572
89217852
74710985
25776479
34723232
61952796
38645954
85902411
31633286
66599594
64271200
63431803
28044902
56811647
49348815
40835142
29199316
96838270
81529830
85887264
36685487
70829431
59255987
45425843
54585516
35174360
83146750
44034103
25355500
48407018
82671259
58684603
77852984
13284281
41947979
49124557
55583061
44968909
54596368
59954816
87652067
90668750
88281034
91232437
81574695
14139256
60084942
77715571
94356127
14721683
54126176
41832092
85536325
21854220
80669196
58049390
84937212
49372258
95080825
18918580
46890565
63875293
11278165
85428780
48157524
74447901
19631565
18189491
73051590
40065470
18788926
91884457
16472361
80526106
40301261
24528006
64176793
45936501
98160109
11473604
68926606
55924771
26217456
87289661
54550679
34402663
27212937
66891148
13983167
91636782
81653783
30962004
74609912
64733451
37428947
41030714
61915456
28539825
42036310
13990589
14650803
91247244
34986656
74373726
94937818
66118683
10869205
63770830
68518486
55249493
40361214
20343352
71658951
38625080
77715563
16645087
79102201
52195616
26588379
69176799
92493931
93573314
79137809
60512733
24867611
92358077
40652695
92005625
60530538
19967395
82410125
16041117
50844321
18752967
10882487
85798705
62932986
81077640
91583395
98146161
38840198
54811988
31682723
80142767
47914262
12956127
17241702
61884686
24766949
19551390
22390573
79399442
52652443
57434628
41218719
45333790
54080015
19515774
17909758
39995391
82039165
47934731
32051929
33533510
64074679
11911894
22869948
54872901
85370866
38942317
84737202
98333224
48783983
40686762
47001056
63457277
79484306
86658715
13498558
78318130
85656599
94204820
53390977
78882332
66168961
12306897
75699246
48654327
18150395
77716734
80498091
88725835
11762519
83183550
21847784
23597103
28880086
85960413
87160817
16989180
91531043
45277654
38435017
70895257
46216129
12397621
95533726
75584795
58831063
66218343
51840515
61368497
39354508
20111879
56159954
45523270
76558958
70463590
10170964
69088819
40622142
90892897
54034022
51087907
92946701
71357644
11132100
98524588
64554222
24957246
76585554
47670278
58251060
39399435
59144199
84294552
42134798
38017885
63448318
10772038
60929536
28171859
40623605
37589965
34699370
43348108
57562780
32314708
20306533
30121672
35845119
92424390
36939392
12637443
69576300
42894676
99164627
59757420
41546198
96298516
94942240
64842598
14346183
56653806
67843233
95616188
93932091
35676754
33556035
85172823
64411080
93542486
35899276
48689696
73719827
24420219
24845177
25689031
77623072
53347376
93614138
57030447
94195800
73011470
14391753
35943804
97338035
65374664
67872313
36867120
63197586
27860762
13597867
17200235
88298230
80606128
96227399
44613346
21340897
66625668
11973990
16306080
39110503
18830406
81936176
97878073
76546244
37242876
31300567
72846234
41674745
43820104
26977614
94271232
35255374
63825907
22589020
51818034
10966766
72428833
27860940
22625068
91319768
77158449
62944474
28950203
20787617
96185258
44553406
21241441
62892845
99837652
11029077
49742427
18133884
96875943
65480734
22001102
92055973
62768890
26779811
51209945
20238784
14916774
18787758
72287395
64414141
91685182
62076509
82715432
98615291
10339248
17563930
99126580
22574276
29634064
83330882
47464006
89929191
26896714
74394087
95219146
11968692
58936674
69135484
53456195
95262694
36910424
73229697
45075943
71531172
70228218
42947159
52997450
73212064
41469420
39730634
92932902
45376289
15108381
69683189
26805712
91545136
17322930
46409565
71996198
86433019
11772575
70794987
15814393
62861516
84199262
37031114
14983324
54619055
96325030
71578876
98427768
83542110
40256389
19065008
75599422
67692065
30164384
75030919
48135513
38493950
26806216
94521053
13577564
82804982
40974609
60339205
66132902
95263215
83089694
74125885
72283161
63266949
61993397
81769140
43892098
17093108
29921396
49039922
92829762
16629148
79466297
89192532
77378866
79322191
52020226
86213170
92490642
56616288
66028364
78031715
71706112
46292554
32575022
33567185
33709087
36530533
16527859
73806075
93943234
52649849
33996513
52678376
62069148
28690515
41815143
44937355
46598785
29976069
67009137
14529537
96986958
51567363
65417224
56297130
58608527
73929669
71115690
11544221
65860206
49548161
94561785
10954919
59679522
73807382
74674496
97639352
40044903
98490520
96675272
17823164
98772058
38280317
33061057
80989188
85708587
49440277
57984466
16082248
60046081
49258341
57003820
33441225
13840841
85852949
73351874
58373457
33831628
80496869
40161015
67733338
93699965
90885919
60518896
35611552
67577395
18737994
89715304
21744859
97450081
52572865
37538335
96097902
68149889
88668424
11809037
69064213
56977711
18068382
98651853
53059338
87793378
36368685
71238877
23107514
79059981
15072399
31121356
80334351
52723143
86158290
83531204
60797793
82598999
47619156
92279927
33730655
99587040
51636536
11388002
58243820
71623471
97090068
29893172
37422355
22830475
78887520
28956935
93652776
22227230
47188299
32770536
94383559
98655664
59816829
39811283
47782016
58644281
41777867
74242177
63035784
94422317
47619401
10844928
95421523
69786383
10284508
75918535
89697396
19077113
72018044
90169994
46484969
76651377
25066945
89587429
57177654
66671665
85357646
23716166
23852694
94750054
36765179
24977627
70678443
87748731
77203995
55519093
47447403
37929596
14104696
99594064
20449606
89529681
46977131
90619537
11724494
32545973
58379406
87903662
47588254
69438450
89614066
37719182
18863214
69230403
31294012
50921551
18266636
90535877
96716390
55430892
24210859
50798131
42803429
49213467
32670110
41603106
82566276
33893945
76100782
40324812
75289986
53600993
61002735
48780037
22999736
28239671
82887962
39308897
97125731
91030477
33424564
95756221
65034262
84375966
11648935
17985832
81542430
86813033
91672427
98990918
65860222
74431694
90238640
29532261
45481995
31027655
13772838
24724629
14804863
35120783
82032478
45118697
67956682
94177651
62404204
88014043
95276809
85749664
49305567
29655846
56165186
27666494
61536755
19066258
50733047
90688412
26221756
52124442
65264766
79673181
64541979
29958111
68071512
26540589
29667859
47501791
20946482
36111187
47949190
38480782
81679528
70498034
79077434
63625281
21416770
79209513
39610313
84802776
57202590
46424958
66635319
79487355
20817891
10954640
32069688
33062363
37099317
72129180
16638213
78002227
34735417
75005047
96151859
89752837
32244502
67265813
92077102
41627703
11029417
93790846
48989925
91181750
98553606
77848792
96998938
57028017
25548334
55678169
75710867
67444034
86595554
70582773
78891580
89625231
44050258
81146347
63597717
79021869
65998420
57612314
58178029
62952184
64853111
98251312
21883890
18801607
65432409
81117261
34709806
59938990
18341292
91587070
56374453
40779202
44836335
83259261
10286727
59534862
86158813
74429030
90812108
65988667
84601554
25377850
48318207
43838948
32631768
34759322
88068889
26083111
18026695
85857330
95971593
34857416
11284756
40431040
26200299
68256551
84930404
67658026
59808396
59024366
17329866
63223196
10847523
81835327
61626786
31124356
15991032
63181216
99691046
93663977
17230909
10523800
14066484
45189069
70911100
76406133
38607117
56628321
92782982
64698312
55533808
36370359
87043826
19738139
38074205
35221509
88511211
84016043
97139928
93504168
80366382
12175995
49490158
75814987
54381432
82818648
33534757
91667362
79693148
17067574
69471411
40467947
66528182
98886034
26756348
68722345
75794193
21459059
72691722
88240763
38293471
21970403
37842080
13375880
44863841
97600501
71089327
48316274
37054157
91407065
79367499
89885788
57208775
58377049
53468494
39320887
88836878
28700877
60631326
12729634
72490663
53923924
48821514
94881932
52100095
56098233
96858665
59626252
83437483
93820739
98885689
28590174
80956602
45997907
62711834
82260524
16452152
39909465
16142380
20955432
54448312
81740405
97575609
75231698
20756467
40707064
11322624
13969744
16181436
83824598
16982832
81116450
48571292
28558053
13673024
14053073
19338943
65736413
67500814
96034404
39311727
73014128
40569532
30786474
14088463
80467696
67332754
78568455
31913985
15181693
74143744
60375172
59198522
74305736
33351166
75068326
17652637
51072037
75295000
31874252
29476769
26432434
20221243
66298026
71845226
18008770
68260027
17711583
97045595
28536365
68326117
53242485
82749458
22474743
27117034
76739168
37024161
85667523
75716968
42882125
68460576
76468366
52370511
47823410
99339730
61918887
69868268
69046954
99081847
46812350
89899295
16573753
66013674
74360303
58439191
75033804
76500380
64504423
54688836
51668148
22374107
80385395
98632912
95962496
99680924
95655229
79803979
93756271
37419003
20486509
12704137
76074139
82827455
81928555
21226665
63586489
21419488
95014057
32097727
35129300
89605806
56641160
14527477
64312943
63402987
48404455
79066379
97727831
18688650
81644582
18635816
10432924
80675471
91363357
62369113
32183271
50042126
73359494
17092490
70008754
88906425
89542847
16764417
62442312
87083323
55341373
66188848
33305097
77827558
52138730
68416620
52687192
25510766
17999333
74365372
10455163
40965421
87614254
42558637
96869298
88163467
15296234
86628911
81339432
80711465
41186389
76382650
58168361
39071072
11075391
86815344
31036184
81934627
29603002
69305933
74203581
24829550
23734699
19172011
22913866
58792636
16182422
64249769
92400896
57269320
77468776
41705986
12417224
65726721
59580508
83273544
91139099
50735763
63462853
22945253
46533482
52705740
45812272
23281026
86678086
55398091
15037561
13155288
69321373
13045445
44646438
75866753
19584688
72435621
50776819
17962498
10655766
23036576
51764084
64767507
92442296
43447609
28718864
85937520
35115685
18238762
74653455
30024282
82825372
95024780
83041182
75668713
35488638
40508066
45975611
75586320
14866414
21377857
45456626
30040885
78057598
33412775
44467636
45180357
34957771
99454356
98898510
25714773
34648210
35296835
47356829
27131274
50521511
37108322
12442837
38816492
16703443
76148328
91840608
37365530
81645483
81561511
50571510
42206653
59880623
80552230
30053034
31810560
76430165
69562950
34793724
98913560
64451362
96656060
69459128
63345594
49017172
94856574
62180982
58132067
35020797
42957749
92732373
50387639
17182611
74391328
89103063
80284854
59094702
50271606
99224081
78768390
68103500
90918538
22407308
43539433
57843989
98042620
93894947
83190102
53098007
82641258
72284155
22065799
82666929
47305864
37653182
38937061
25406398
22882306
94903849
43699365
98492340
24228998
88435411
57949068
53718297
21523886
96722129
35103881
88742786
24875966
34258128
79495644
24372972
63575102
87838717
78685044
15277391
76395045
45935925
27074706
67348710
52659219
29848894
98341334
64331854
11052069
83661856
29051770
54874987
18730964
14101869
13318189
73905171
38724171
95403259
14325503
60897057
98500245
65929929
30257663
78300494
69351427
34703841
10175835
98919723
57648436
94047874
73110293
42715131
49091876
82240366
66365613
83953323
43028545
53576109
46573572
38056333
99291043
67411760
59301303
59377685
85518539
20102346
21042230
52841047
56833874
37972724
19005739
23855123
56219158
92338035
75290810
81498090
85958290
29800031
64003127
63065155
49716307
93929303
63680092
92917368
25556012
95184458
90459052
76844876
22590164
57087475
56449759
66226943
91364646
89929893
82683469
47101515
36965913
61984366
65981898
70730385
65393276
96205227
92268481
33719689
27416806
57977059
79975554
77554536
79072330
92021621
12924566
54067550
52478781
70734166
80049365
77039191
72333671
84988906
63255423
40114309
51855266
89889953
49202655
66289570
63998765
41114377
50073475
19429450
66752251
43780241
96421522
79691981
25068279
70701403
60726643
97633696
99467857
70595866
77421922
10480663
59718202
61670365
79902852
98837208
10838166
52133870
19465432
59615724
14179041
87012241
73112176
29091108
28597893
58533843
74058743
93687572
95669919
67533169
48332317
94952805
24768118
80756847
20528361
63487436
14235084
73694034
87445784
76641983
64550509
23820791
25930994
73570334
84389768
94692041
90517535
12434142
67512168
83222550
80292119
47067444
70323365
14764506
54353701
21362885
57879058
33219727
55580587
77013645
25851180
33205614
99104425
92031154
73929011
22254757
54943043
42592187
60739956
44505627
65806725
91846567
94454050
91947649
46133133
17512134
18167053
46364328
10850142
73935066
99571876
30671526
86579236
47286611
92902263
48443535
88058808
14563342
78113558
61574116
20728857
51098983
53755791
25284780
85197887
61319256
59036142
93381109
98958661
94669982
88469250
85611018
82173503
41853315
74477473
75122073
82049999
34712640
62928556
98105738
32156738
83238207
82287469
80463447
58770662
78590726
51964526
78705424
49522157
85526470
27643053
41737833
39144128
29871532
35139287
77315464
28835706
65656030
16299860
18125822
57200753
31620494
90362780
32219721
36761604
31632538
12633295
51583141
37029583
96960528
71749792
74035745
70057678
27636053
39403273
54765687
66544956
47777265
62993491
68837973
39693748
15699115
45513088
82986358
39787028
63638776
15773585
22829262
64922004
30487197
96492801
19887436
28121190
11766229
99365531
16238685
23016490
10965394
53457150
79075564
57474872
45879526
84414907
90310218
60179335
32653553
31056224
94820484
37925990
70923075
50345359
61188801
65338334
36924847
26872087
29286156
95341053
42116401
38991160
73485701
79205106
98127975
89280723
44748807
69273431
96948336
51531979
55188035
38339061
51596854
52828208
58351839
32775405
55410633
96758955
53765850
91861292
75312959
21328274
80285842
22412320
18218798
21285991
26222141
71593690
40086876
35348209
35316169
71403017
32727707
74822218
25422522
99704676
74574176
59077634
32610693
20693331
14159807
26074900
93585228
42386739
23666974
38743090
94818764
50910671
99560484
26236812
35053260
34781338
62618757
77323300
93810588
90652967
92034593
29935609
83147692
35867531
42442135
33468760
56540292
85772550
29901242
24507552
86952437
66765980
47799153
90633168
54738068
17347505
66306705
94760979
90424754
68549418
76265051
58136483
97642510
86182227
42568888
25097790
38237720
39153341
21308385
19731761
35934838
29436311
82212327
96281823
84104761
75018553
81324556
57402807
85009811
25044936
96661174
64153599
52367802
55378211
91077025
21147900
39425181
75270574
94990077
78873536
53327006
97599806
55623822
68256975
84601622
75625520
94139783
13560275
78840062
11867767
40179072
47962231
11704795
21438288
56927758
92687229
47770424
61009460
76144757
98748536
39049642
84011000
25420515
72961867
31232154
37570355
48502352
50572562
71825442
99578367
80939376
25351962
75052378
19223247
60262375
76558751
23817176
29933408
69630836
73211660
92267532
96128485
56094184
82783192
81513535
46341571
13991482
25732522
59811737
33085885
17949622
79568683
21401230
26942396
30428380
18797306
64388267
88570575
59688157
99121773
63655879
73690272
62158427
24099976
80469268
22705933
49014520
24375518
81867108
28779228
28640383
58778229
16468148
49649782
74423438
95251706
81803125
53665372
48132225
49827211
37255594
92473297
18058607
87191145
98172954
15988230
22407417
91501723
68008088
75378357
31599879
92088448
96317038
51708243
23722195
69473380
42552584
73364429
18041202
28446351
72270597
42859616
42544944
61218380
91196833
62409723
32086581
45498870
71443351
79479540
96164767
14214946
93256243
64504074
65188400
87724815
33932542
44776860
27852294
28810526
92691166
69506252
48812715
32071488
79389341
55739984
45494166
60085729
78855823
36719407
19991861
11382402
86361245
58047572
86611336
70240643
73330601
13914906
81674425
79195837
45666627
30710870
25644693
66892204
69213418
25456536
97029185
68637188
32238194
76019358
92029258
86431245
70778306
69519952
66824248
17895962
35586832
21879815
91698954
77369845
97854874
28119843
61448330
43867222
85472956
17054323
16708422
38783781
49384262
76762975
55068388
71191851
29592236
75988852
43847098
68557643
24311477
66322532
62675131
46704003
78186653
86100948
44701160
73354109
64057626
59811357
37156957
58045548
10866790
38356727
30443152
46268858
74623498
63297566
22784925
41320970
19846660
44972464
53331620
38659890
95683738
70112949
87112404
70902527
22584925
31539911
85013021
69214539
88815064
14260290
71624111
72895880
28319266
94692688
57275331
95628824
33813821
39264017
22084976
85539173
76509303
78377090
34160424
88909454
88572193
83673661
61394478
58379817
55688846
33795164
72847984
59204758
33456274
17434422
76083352
44918112
34452597
88439692
64685702
13693049
19975399
95106512
51948903
57722309
83434522
62747409
79130565
68141060
38146755
87478344
89234735
88321198
61319559
79921195
73499952
14583132
69118461
92985477
65770917
37203179
62077106
30703263
89186777
60300276
27301683
61566563
47867489
60620465
37157681
97391415
81682127
67666524
55032903
77060585
85974647
38680409
82004066
79630313
20677824
50034017
80127187
52163812
86919204
79630548
55575724
45692524
95991625
23672642
97997332
18339720
71068880
12253109
18500894
87192557
90933285
77909321
49202202
60764898
10604570
69465653
86765177
79235959
79786875
71135171
16079572
39782948
64049623
83260539
24333706
62573966
37113182
33346150
92775633
46020983
15845960
95550716
96405845
12756621
62736428
71490508
89614930
87166752
53362721
79190305
43750044
62757560
37431763
66373697
26092082
66065093
89214840
89085449
45780809
52663024
77484136
46666414
23370701
11629369
13365436
39842819
33455686
70784944
43087655
31157794
55142200
20307030
14809404
39533759
44031869
95698749
84089093
20620444
72444144
54731410
45089904
67528284
95990924
88068592
39985083
76567860
22993738
83646673
89626887
73400528
17690814
49939435
64127308
49964565
72561552
92893461
59426527
15569611
63711598
91528775
20006459
27278184
36881974
91446132
37033848
44125635
30281295
46628782
29368363
67064706
95014331
74625760
37821338
70960859
98018528
37920699
84282141
65192871
38718847
39432872
39587679
10508750
10932769
59353138
59841169
19856987
73826098
61906137
41269074
48041116
68668860
30044966
95250702
92419456
30584906
48123465
53136509
35108856
15028798
24668490
63824821
50170451
87518873
63270472
31606940
86047161
45139232
48667466
66441579
59178517
73439182
18429323
39916295
51869283
11783154
74256527
29061363
34263009
15403852
55398543
78628175
20041191
67445338
50299914
99107942
75736780
33679437
66950976
48641011
90732414
89146387
45141586
37228826
56757414
32168401
36143168
37506992
28167549
79334002
41884403
57174443
70890870
39089212
89531504
96767714
14961274
25548036
10921713
84075327
62713423
50230676
56945656
91553233
77015632
18582587
11662215
24061953
78987756
12829575
40937391
77688461
33311509
30935821
21933240
99980737
31787464
95055659
46466654
40866314
29103367
25021979
31907169
59681160
71582442
83542506
33945345
65455595
36576725
89766267
94394005
38470918
48363441
17836857
89282897
73884261
79249137
89489979
63261014
66586046
37409340
36349546
56798046
31466581
58317106
52176766
21793564
67699805
60118155
94904830
60602705
65129611
76671744
65389360
11150542
97302461
16278012
23474928
64728514
58033437
80103943
15742942
94140288
63218409
69118698
41406622
93711369
52942013
11714989
66820002
59420581
86622592
41710790
37980649
99725938
90249771
50152474
40628071
23816605
79374701
45469128
86691867
25791885
36642553
30009287
68808137
73605384
50974297
15699346
68224725
65313369
18910397
78605339
23190289
57421452
96731028
71307086
99075854
85939906
69788893
68948120
16743932
89562245
89540610
38833207
97036087
86544235
51532628
12957553
97243920
92281414
67877046
42264309
97497067
39834926
15129624
99406573
10505802
37365886
56111068
56749281
93127778
32649587
58991886
15232790
50640076
20372838
41738410
88923070
44454000
95820035
28166232
14493434
57908595
81728636
64021396
11516697
21722465
34316011
58777610
24063697
80495020
96655237
94342016
55883943
56261978
74837164
15443552
77109415
16233177
97635855
19127011
61442688
46982955
19511079
67031064
14919233
38558630
84320227
58865615
32100053
48986993
80836489
90349111
21628720
50876542
25587363
53311358
76348991
94918290
11452107
34457662
28578446
29491138
68042257
78494187
37422579
59196971
22001525
12800406
69225492
64387011
64258703
85272316
20847739
38432208
24573662
98637098
74818031
58218134
18989189
35551282
82517013
26014107
56697306
66178601
58074047
84002428
29296641
31888616
37558296
65652398
23570017
50650875
20036008
96691401
60639354
63249467
97136955
34640730
73927263
66097776
98624235
59869711
89297754
44833201
12325224
27485032
98375592
37310558
31155865
30402118
42833308
21714404
60409593
88344147
19328891
31054525
57108742
17453169
94861157
11685556
71724713
15413782
69737668
92059866
82335710
32750506
59910894
16772630
13979680
18707355
38717348
91407755
32339602
87380090
68249589
75262703
35918368
34274558
46752465
16433912
44142641
69418288
93227752
38726437
79050447
13498272
25181255
28465388
10151198
18442826
75928125
24635212
87858896
91753703
68780100
85504438
68512209
38012403
35445901
10518713
71410307
97178617
51840573
83805871
44643669
65975120
60308315
23785107
40879734
69536492
24708685
70992821
12392168
25764149
83340029
33278311
74127929
42897958
97435347
55110059
54862200
33086876
10932130
71529423
21027697
73273031
45122313
33430355
80937611
28029276
49285449
11682383
88583310
15432876
70707885
52830326
80268654
10704851
16713242
37983270
98069949
39457861
87789714
23180956
15123572
22260788
94722564
62219764
43415661
15820526
99130121
19260297
80083599
57792425
70334363
46940289
25270520
38533841
87324684
98855663
22124072
20196818
38857551
14422567
32493902
75964444
29180811
32875212
24108261
82018131
77033803
70452286
78804223
25328061
62038406
99277279
22563426
18779454
76565101
63406288
12585484
49228613
53793148
82827930
60055088
92265305
93984997
21708946
49014942
88379688
21516680
49928705
94222954
43072322
93150024
79849972
73229816
69346289
86361353
88115353
95102331
58713743
25142526
18432141
47013905
95371972
78472127
88824380
97676430
56852195
20861901
53183225
40819425
81129254
13296838
38772453
95781047
17912742
81147645
17344155
64553610
27479816
14259625
86903460
32896430
86989418
52045096
64565634
60201760
26432618
55980240
14186707
64839062
33506433
25640241
76776430
45264099
88938120
64315797
71958709
95956905
25382195
27505855
29306070
11019891
66471541
91096939
60334655
40034052
10128844
29624689
72196887
12617830
80223291
58029358
97373406
35270186
60554194
87750967
18508671
24825871
57605183
84291974
44099822
25266851
76835994
99471401
16858498
15455422
33108766
72520662
56581807
10057820
24862938
56503162
15663625
59091772
45379553
85124116
31564230
97814343
62692397
48567788
74437313
51094726
51503199
60814287
28756003
84053634
14829226
83813509
83920746
82016761
37351492
32261562
42448973
15584763
54609623
45556329
86978788
74543015
27832921
31948117
59668740
71294838
98086036
23668737
11048192
53654133
95358727
66906044
93681593
15957943
17731337
94833621
15475969
13639922
76804497
70027525
14916082
35972021
91688369
22889383
93076129
72638322
47641611
12330388
85131291
56323398
21548859
42088753
48067801
15030070
30834991
10676647
22099627
87114785
24859122
88930362
21131274
69681938
14420116
67363201
78227077
11643196
92183398
36608803
46146248
70953514
79039897
12302435
33001251
22408564
84067225
48839972
87460810
51453579
10482048
73388813
40637286
62339511
51878609
24246969
11697872
87909929
51092770
55529396
76983574
29384330
52136291
68623056
94803776
55656961
34793819
90115283
56631402
61262812
91307790
55948283
35745434
74991490
58633846
27024781
29387534
69599205
21155633
39385208
95492853
55056226
46821588
82789638
68969676
69419833
64670592
87326011
19330816
61629916
81727189
40434868
31102717
41689923
41479097
47825384
16906240
23910870
74737787
65108313
84655657
99761508
38113524
83662125
58307919
24887293
43700168
50316810
23124841
22234895
93156959
58996364
91501732
35627666
95558484
61794638
67446177
26303542
47139948
26335499
97999993
48216443
72494083
83914534
49779839
88266361
60482250
41881404
58611680
48942262
19835823
72807873
23111764
87527289
45673343
81325480
84070395
82753240
54731444
45714272
71273384
45282912
46901148
26953761
75847959
99996748
33284681
38383244
80129376
68161375
67398558
21835551
41892098
54263470
18538138
61435008
28152250
76329302
73705410
42264778
97453532
49191041
72072461
98765072
30368251
18799636
82957117
19892267
96611024
93869616
26780936
95560290
54384848
59026164
21471079
22543356
92009700
13132326
46677417
99002133
64707828
72499248
47691914
37678048
68926175
59109718
67695969
83372145
81415569
76839472
69329272
13499767
25667688
92153337
62618826
40500054
93958752
53083048
97829490
68327283
49871478
39545670
57886328
41693093
32834316
97543398
36215252
77689976
84370451
17493758
82884222
49743942
26941534
51152410
45900998
70872508
15418031
56611777
62287800
54403530
99723261
92144727
96249645
35445324
32221956
94250729
16541379
82600189
92598992
87601611
31543327
32649215
74347179
54114508
77526248
77644627
90856588
87083276
37765343
45027511
12722352
38749617
71599155
78169962
43749738
96091069
20851287
27890528
59850101
77278923
14985474
39267978
85543062
72525988
20411036
12775343
10392568
18636547
94455261
75092418
64890208
30492450
46778797
85724386
89745095
17007720
97115592
49713197
55220647
75236858
82373671
33417328
94965625
85856875
18866435
31602316
57865323
11968729
57575082
92693952
58911518
95055871
97331206
93483179
21948764
41076741
95697472
58246895
60651547
21768278
85795138
90468070
26189483
39420635
67450808
23499847
59347528
12824581
90269867
23508950
90718769
22014382
85935769
71405724
34077068
74352282
54996043
74212361
66172258
40164453
45823405
42864478
79474645
49493035
59911266
20462706
76013204
41806600
73504803
43706316
86600608
98830275
73303357
20915109
25538396
17213174
75475581
74118866
42648364
91614982
77285523
19628606
91088571
92847372
52305909
74894585
40687192
18705638
90436268
16098232
30283758
86479636
34644841
42218300
47106166
44762677
58817600
47980640
36558130
19196450
12472957
39726634
27417380
90207277
26667242
11578342
93229322
63533937
47726849
35101691
34173357
97182290
97184702
71543233
53939836
95288430
92630351
54175364
27193624
57945803
63552892
93617644
64467830
60534066
18901391
73549928
23278258
88618049
48236314
47593315
53135910
32398181
81016932
90230357
57459732
20540603
85239572
82228268
41896408
21386851
15185155
64599288
45336603
81281921
67400704
24667578
69677604
75195668
40627671
62216081
65900082
36637760
72985916
86349598
55350213
12198936
44572215
93020017
29458672
67436427
24188853
19550386
38297936
30542298
58941790
68473635
34115508
80262173
45395176
64291480
16612362
78800587
45199887
66497433
97510553
44609617
46768994
71782562
17109729
89781838
85319764
55570137
22988193
56903816
32493159
75008245
64864209
60797362
89285477
95393473
29262420
66578705
43708716
53715035
11403605
89137330
19318317
49312880
52126334
81559225
70089768
79705373
99673908
72701791
84406300
37369162
60736981
19834630
54698650
32609983
99347170
21196557
15234317
51281384
79689675
39036007
24432861
34803650
83013150
51605019
77086704
61955727
58599739
26362521
38513537
73043848
91604253
91376054
55173838
53084346
41749070
39481659
13654373
95606793
20115700
75000856
84271679
80042358
91550506
43611172
36250927
57640363
59154807
18165011
54097166
89163304
55486885
83524206
70320781
83656628
89185204
60320652
40161175
58824122
79803564
58214433
72347468
43932148
90773282
75899147
87342535
69184934
95945274
83321145
63505322
51366975
34487929
66243373
14733782
89687219
13277167
23280471
38018217
81678921
33399600
25089563
42433368
79398255
41967750
46511994
46539102
45235534
67296560
30931163
24625235
50265962
74910243
87294837
25923988
50337186
57008091
18707703
95348139
48840134
49341366
92495446
19817378
14212730
40412378
72074124
28443539
57645575
45800111
78367081
40861035
32449600
86294746
78483117
53757784
14930028
38881056
81192311
11492435
66655982
34093399
50586597
66255986
68196143
13671832
30914496
73981967
71030920
15616511
25151417
48803193
74628605
28632468
10606288
30937773
68968451
70189305
21678962
72595343
14740993
49794584
73093194
40681308
33408596
56764754
55945821
49608558
74158290
99488345
11088585
53949406
12263053
63188002
21136907
28389953
88291222
32257660
65520810
58645840
20912137
84761828
37731798
56027142
17965258
94314316
73267630
59164131
77413824
96942729
47598949
52424408
46596237
98472495
12818968
46392741
44895292
61060063
38195134
29562424
86360585
22077741
77951755
19876292
82040938
82168002
18940866
72820978
59992345
51223965
17836362
10338474
56491268
24799647
60506060
80497522
95778344
74742143
93038027
73229982
76733584
68425386
57194098
12753350
90154931
23696180
52158341
50490580
62386985
50980287
29108350
40326011
29789924
91129666
46992953
27618579
86513383
54528962
11362053
58508199
86940758
72256030
36508243
77131552
94965577
53902268
94133800
59256619
92620777
22479460
20837653
39132878
79445967
88637011
91093520
27500699
60448099
28408711
17703063
93283906
44356017
76209291
61570675
52838521
96554405
54638658
34244674
35432827
46495384
67203286
27101172
29352499
30065666
77459372
73423502
74844772
89460376
82219565
46136317
45439407
92457920
30069566
60000882
86328152
43829540
41040752
76747993
49957018
30094721
55193474
36318883
60721114
94506238
79447365
63913482
88570359
86070940
25464521
69622345
29605820
47087945
81504626
59014110
53836245
63463412
40976587
25095786
72106014
15848419
40085433
72598748
20295700
37429279
68885506
77319107
24243974
10340731
54562686
56075858
17878534
63991611
70492847
55486211
64742854
51577145
10340396
68490619
92299899
99049956
89983897
91670717
22951914
66133327
79338758
36711521
76589116
68704050
71380266
60126623
88408445
85749015
66970039
18319725
23478482
32743182
18874953
18710720
17979713
70964702
49964621
86655299
82775934
57337060
28804230
62727472
52385100
18013742
79344560
64488659
11010121
70907417
44898068
71212466
91867088
38555801
25132772
15937418
51182608
40445084
80031874
21765775
22912576
24069851
62430579
28189595
30881813
34293265
74751455
24742390
57762484
24573541
50223769
94180345
37507145
50671458
78338881
82880333
94099898
77581987
61841132
87189438
15145392
34063350
12702024
50890519
80356612
16336566
29052506
18050397
15312089
33673815
63171774
79208018
45271856
12421496
15404664
64212257
63090657
78085738
66089929
39999358
95660046
66659584
13712891
55627856
41154252
94343132
35282685
82382262
54394363
68767160
37992831
65723594
67435686
98028908
94536793
15836512
96491193
26215590
28070753
99625797
67158641
91775208
89523394
62469604
52263736
74968100
39182851
27346823
53978312
76336799
29182420
42899660
13526507
50945485
72415612
67718465
46020701
42452588
98883270
56100182
11370081
38876997
72287575
46959244
42155128
94295801
99453709
28412173
96929285
79147348
66794042
20818523
70328213
71222240
39611363
69074659
27934275
55503341
81301719
95896437
18757288
14374294
59678375
20105076
39643156
42547732
87435509
71264085
23737054
86771831
50162376
70632032
12620973
28320755
25116263
37618277
40876984
21511718
77181267
14329382
26105511
14256145
88351404
70960280
64305965
24703247
11363540
80574335
56424348
43408484
96085943
89361739
73291955
52536415
98639944
77603165
71304189
25195177
81570530
26343705
95015950
38157452
62829548
62722626
69694789
89897737
82196430
84470813
46646008
84951553
96518342
61108028
58485351
36736588
70838202
72965426
99295914
59173773
67671107
28196068
48106286
80326754
19812059
39159447
34177694
92440295
28223736
14135656
51373479
20686912
34671373
61430766
79615102
33299903
77599677
56511768
97499513
33267084
95227082
24642977
27472808
91689318
68066444
41063883
90194158
55565727
44390381
84946613
60413016
40757285
33870192
13387626
33128866
71884234
79961386
89911037
32320420
78213613
44186522
16384541
75200124
72266170
75386254
93704842
43741216
39474885
43953864
60525377
66160456
44089822
28209430
26190716
88481816
99616603
86928256
25545361
99777118
36854916
25333718
38680010
20915422
80433773
40840798
64755631
50424149
31827632
61124268
12955755
60699396
43978146
79702536
81955869
12964756
85725284
91468234
47849632
50350557
70093657
90236837
97269314
53159402
13179670
39689044
28449536
35438594
33279623
59933589
56699597
78000304
71237229
25641067
19466350
22922564
58049551
98578121
59087644
66224111
46573543
57807328
28705652
95899415
12102418
29849531
15590672
58040604
34455020
61775723
18265606
34588353
21982827
60372515
20637432
71439364
84730838
99432358
36097030
74199956
13488390
30130139
99817630
75257926
87193222
34156871
16894355
44405056
35595993
60846720
33333452
55716501
84438131
29462893
16668926
31661624
77000316
60323576
45786620
80542435
49680138
36222693
54320527
20732624
51886550
88687101
99574859
52529090
32178377
36933372
41836552
77066453
59518742
13594284
73343385
84037716
79725294
62264739
34335240
47717403
63338340
50232184
98896583
86180437
18083755
17505828
70767338
22219882
14281298
48845957
21498874
43363903
71407166
26561619
92608680
12938913
27126013
81307769
92272621
74748332
96865934
58053576
76986854
55540785
99581925
24775160
69517088
12123456
87514159
20964148
38270121
43986002
67308399
47041907
98576133
60640524
25815410
12009073
90324271
66765305
67565227
94393571
41999988
31606888
40480605
97322299
26630152
19634119
14705104
34290089
17334297
12696155
22131028
49255086
67693360
78015039
19518329
39659284
78941380
31425954
42580729
56005870
41620457
14789129
95567466
26722164
42326781
42333959
21924452
86037819
56941940
45246027
77145149
30877864
36981073
60955782
97695031
65238683
82579369
94636542
37379042
82292870
48105703
20077350
21834139
58389389
15137865
97618075
24817342
43892999
75285639
52843890
95756105
84157259
85957763
35687932
70061968
78894527
60407021
66056311
11894510
99738709
23682831
23830814
24457225
26720141
53298520
79063550
70640322
45327572
51717496
91754569
26021174
10207140
87195708
46767897
85500770
74145363
95788145
24331732
27658719
63407487
85416437
49731088
92296552
61767857
44184632
34964111
40398410
94282839
20976419
81567719
36981979
22039873
30891969
76181858
76513230
61762370
73009424
35397375
19841325
34985366
93699941
57505774
87289380
13004901
12557753
30359928
27881223
81904065
40916714
82699112
10263437
70980881
35228717
90885717
73314410
74092865
72211216
11403731
89573862
99080143
19537837
74991463
98488589
70919682
17804445
21287659
52749645
34758575
92356877
40068874
55606022
86580767
72722488
25685920
29164903
72144663
77223471
92641693
59238345
12897661
27232645
48410714
97540219
81518405
18408432
25265076
86781559
34044446
24381189
55792039
98471662
12083262
33662531
61489082
16342536
62843636
78956770
15321148
84408485
65826762
34962683
72271272
69640071
29765547
94049533
16510474
84181544
73303885
30944314
34440383
65709619
18782319
91928799
57082079
23025096
50890735
50144023
14672343
77711463
28397665
31999945
79201787
22483593
33193585
39203886
92346729
51775743
40266914
50984929
97009476
40160036
24655153
79974060
42978259
72088507
90607305
61064088
17409106
37305972
61181330
20563093
72070504
34298160
45927747
76719612
14958633
99752826
21575293
28009847
54899486
73072812
91317277
91744593
77341207
53665674
82933388
94127356
37816567
65204421
40595604
29219463
37516504
78157079
82537254
75100020
77204328
53312075
74428443
50033961
92909941
55339011
41142059
89749645
50462211
56349753
75811151
94356548
54203755
19702498
59066798
26226279
22792927
55757523
84977780
61363017
19473440
63780384
88805252
80389680
39926092
43823651
93218807
21607560
47358929
63063086
57865037
36449785
24813551
78043843
64242884
91411767
58539875
73101529
58178905
28667737
21312323
96611321
34662517
68627943
66782255
54576080
72507898
53622882
81873973
97366236
74682139
97312050
84527030
24454453
81430621
15470231
20360896
90621086
69778907
75435959
48040216
71011737
72515155
73966938
55412326
18707458
10201934
38122368
71826311
54509294
45809514
58987450
57870829
47366738
41756590
82152065
37527702
51572864
92466699
90329954
94643191
14521766
42662068
20796173
26688161
78763975
50975217
21072203
46951976
73166320
92244396
19897910
38076275
42888175
99451828
44613392
76936401
43150717
93719407
42773797
49831516
77269113
85688318
55394361
64668726
19545531
18835326
42636067
32869494
74369789
52451537
55196410
60679938
37181953
20955234
82370152
66716575
59533246
75054462
59405446
64922729
61360664
85270163
83498009
65290432
52330920
79090174
78946803
45466020
64932253
75285503
86905901
65783787
37464840
86484406
31206756
84730699
59606674
86820466
59935771
30511704
33535314
20335070
37203326
85131409
79235033
42749496
59579870
10940097
20974769
62398741
64126588
92722666
36060963
41338415
59093639
16581790
79777311
27786820
50833980
12618080
64832045
89601713
39815473
44963717
21379917
44158814
93460967
58344106
27723314
36276621
91330433
23337689
36816447
88630921
49506940
55168881
42508478
25675425
85419302
96344078
91720058
62181328
49394984
76088320
88235311
27250030
98587408
21124911
84414018
94380280
87171302
11273750
80417123
33209656
34872086
70268354
37374828
46553658
25153469
25190553
88413480
56537783
74057508
59310781
85890282
86177608
61228460
95472118
98097139
79802578
56387494
29361312
35295014
40746417
37789450
19210565
35362958
22697286
47222084
28714473
56175954
12599741
71045985
56208041
42586941
32038273
38118572
45123080
10269788
97094632
71714841
43044637
30940602
57182535
91455334
71164251
91641875
62424799
58483577
18634036
50747761
29886634
79509900
65476674
80691138
34908595
99887563
55947736
64701009
89655994
33822898
64311891
42109205
74551355
21720915
61294972
59664754
42983070
86799351
52897012
73717055
42757327
79577327
95974871
17900983
46336152
38860567
29684919
79784311
14735375
74575530
87994853
40921116
74044920
46952228
35419864
75590534
30382939
26038980
25135151
57926323
54821855
34866928
43462263
25626764
59323197
29921839
61275143
41094088
60982133
82507146
66483019
56959729
51488748
80708681
21531651
74215160
34412987
15268086
22278095
74266018
32244034
97567239
69215416
77220599
84708441
85058422
11512677
91746412
66373256
96123531
52929425
34841480
22183238
63949182
44974067
48181194
82609920
27464725
37301501
19681227
40758495
97815464
68232854
45040503
14985346
31833685
93678437
94134399
97949292
29227119
78619072
51284273
42149202
72389931
40219834
39543625
43026353
81705623
62324231
62921452
70192844
13318192
94661819
34600570
11524991
68649914
73846715
59019862
82739119
18190516
58806539
50484761
17777203
17910741
72368918
15312060
44730309
20504662
68364324
29210608
51070861
60611696
97516395
51255856
34973587
92094063
89759353
73149153
49743260
43407911
40619522
56902319
48488908
86509511
21138231
51797204
74822718
94742128
59150505
65443657
12448769
96893803
18095939
50955521
53612873
27154107
32052030
79192671
79009570
39000099
58636708
69041918
90372454
20479217
49340050
24838954
55989198
76045623
29294612
70714495
83612919
23450354
72413635
32915506
35258117
92867171
51679372
94029047
31527652
57022888
83772613
90312219
15011099
96501170
86840524
75734234
65639128
29843984
65548883
30917784
98209336
11415263
29129653
22345928
90648027
29523001
47384659
28246114
43427276
40389893
93225148
70777530
89936449
98241193
78675572
75171871
60853975
59210340
26381844
21570310
68439847
80213642
54584314
28098331
18772600
51787090
95161439
78016830
26695717
37021469
50456496
71891222
94307987
34538785
12655781
55418661
50079169
99709141
92005918
80305644
56698179
65292827
49961480
85889126
95846021
81126168
17779960
24530911
85126514
55513735
35905369
73229065
64326926
33923325
78221388
11284721
47071675
89270450
85287022
31324345
88651139
17857202
50991151
36307260
45420518
63833123
71238272
75552860
30714701
42300720
45918221
66471481
69134887
61862797
63304163
83557841
57503162
70382314
33846565
46414129
12048076
96168029
20943884
33806576
28591248
41284796
50482821
37702520
14133931
30675841
70482253
38815146
62739803
47359777
94154819
19206680
48905859
39668222
90334786
69174374
39762117
65046703
94594480
82372763
74817744
26568207
52251289
48825487
45235665
21660412
64956946
38429804
74181876
93703525
62917462
17729083
12046023
98103668
20482662
82206649
12292211
27427341
87200475
99291607
58639232
44282399
33778714
65440770
89648662
33406112
57182769
45314569
83159662
93645570
41160996
82179379
42556983
94109539
48341892
55534135
53211870
43098186
75233833
15565569
28777100
12049574
32891363
42813413
22850595
96392366
86042366
53536566
25320351
67828965
51158709
66148005
48695347
53815340
32018078
37212286
50511421
92595796
96317796
12531253
19594516
72473962
41766645
55567238
61375932
74004724
97728021
48447649
51559153
57602252
96764155
23882267
53571597
42982467
37080963
25277063
27062527
18285238
84339843
12080946
83482378
94015695
22097649
26512764
51967967
14971151
66970130
86501330
26917226
87869441
58898924
80813788
53393469
33753538
95819024
27714670
10336055
17509033
17781893
77785260
97621985
33395534
81229685
55322684
43681591
91637618
26338669
44108938
18379349
97064960
35591056
71818720
70463658
66784640
29736879
89307806
55933180
73490267
50682166
61506105
54894376
75841761
43805158
31872174
98726747
47482772
60086959
24138035
50806269
77700207
49096557
66761490
48666913
99751531
28865662
21472022
33043370
11754632
30633165
26802691
52362490
41840835
43070876
55774866
40156581
58609797
16632332
78749382
78905072
80144318
82877621
69941922
52515555
67125332
66579930
89462090
13811914
25962104
73848934
80744695
21445397
66726342
17225934
75169403
80391443
16594731
26637676
17684667
79712702
67486045
74736029
12461958
22115461
26780244
20872356
76564863
50457380
65083531
44395161
91855205
50578255
38296064
83152320
69158757
58830116
86746364
21629622
68752018
78320664
95646367
51197814
42787732
26967380
79495275
33768978
59881708
11922556
10307078
43690648
99465893
24615661
82654321
31413283
37760752
99831939
92466070
98623283
80288205
73831412
75736719
29688870
21686773
10670834
92636249
73861006
67366833
65255531
98172585
60039854
20903717
36062393
52808157
92041063
84954225
23099297
54652512
66983594
56754331
74364999
26292112
34876335
83658523
78299688
46036797
65419156
83174801
37845647
34383108
27727051
42992331
43540005
96945543
17116821
31336048
21217387
51396080
60362524
33778561
52910768
60851843
59810406
69070527
61989325
19756971
92020697
76322462
22849577
10231196
24066724
72427461
16665063
70295178
65623023
94368929
62028651
15072651
72573368
38950274
56714949
14068471
20457455
44168668
18112197
68743473
18166972
42162806
73115412
79341096
59642179
66137197
88973969
91938606
46279248
96855524
17831862
52862790
66416138
55458744
33506796
98561923
95277209
89462594
11109744
17236978
38980400
60102589
83034135
73323033
22004311
57107500
10833185
53439746
36186929
99860122
14924596
50717322
91394993
70497807
82214060
22141474
89841216
53205594
34967965
68473722
43408473
83250015
45069968
21352160
78976065
17207484
62352178
39349439
75133915
45042008
51623577
67717993
30693497
48955818
10077840
18932949
30981796
51950000
36043405
93958984
96598266
33528950
70867216
33385978
37016579
37238562
26785364
67642627
97907819
79476017
19032807
19360366
56578703
44466103
38444642
17350888
76616748
64379111
52254901
97852354
80350356
36361102
92322243
37489747
66102010
87477581
16073392
53259469
36378814
42612236
30205356
50446781
31865019
98566960
38248625
52185741
73816758
97585597
12510952
41663862
42666169
28003111
19998729
80500849
77824375
97013953
13929830
44306338
26182580
16499050
88118384
10446013
56565547
38055191
80069536
35602573
83824698
49431040
26142241
43490663
51885257
83460109
32168449
94484526
66382333
24911780
31742144
78572552
53712732
72630416
38463081
51759952
82604013
49776670
21146447
37986003
22956541
30311792
28563717
45995279
94631183
49897201
63976661
98345252
60691472
30413723
58371208
88399376
76811383
15977014
41242727
60453710
27799248
34774413
54488672
47398475
72064784
43740914
33958742
24405784
95197445
90551621
67802492
49633626
53875960
53808893
24699520
59607472
46122864
73764315
84646590
64137928
93164866
91434713
36385769
89915586
20327823
95161257
43564816
76150520
61624784
96034523
72609911
28452288
83153401
34263122
36866978
51960536
38015476
92014584
32076837
96576270
60579733
94197891
43081106
83802531
55023346
72185136
68601441
75462340
47551563
61140496
53079924
95747446
69840288
64075869
57113982
89887398
66016616
95535307
73374876
58336036
55096028
72433815
66675577
89895260
65077897
97284258
65513985
62199652
73502633
73311538
53645189
88324067
37702547
28031244
69564385
77010967
74405349
30028811
88211613
33366145
33037334
73393791
62707284
73356561
42098335
34560666
62509159
46705568
31983458
60647688
29099398
84447784
47417622
23414988
43374591
38691769
31726876
46896114
28539089
10794203
48098641
82130128
14125525
82931275
78676558
38186820
75072118
15373323
67298145
64386285
96750118
41924005
13417332
17333728
96692591
64830696
35197292
79290729
11024312
84523701
99588441
29165118
60898356
99457221
43503334
37620520
95037481
98496725
48976140
92166099
23176621
96002910
11225517
87753953
73013197
32259339
97099392
79468768
18035726
53337706
51745318
21811164
18758050
45014083
93513831
62913614
16787105
91623102
46052280
39127023
71473581
60906037
40201874
49225763
25288955
76112552
29401862
91723416
53069030
81996098
18324319
79858699
61373800
44889550
60781192
18103891
11728319
82818699
68588850
99968671
98071506
97630534
76322723
25830011
52766382
87120280
31608111
40433787
25378881
52707387
40614181
37423080
54437595
86091849
54163122
15484359
54857635
58178377
56985436
12995640
73540074
77283728
96857957
72763302
67630829
57837280
97229236
12332323
24962935
64993002
78987224
12829184
67501015
34286117
53387517
98914129
58147086
96560929
86859753
12392103
52389904
74870398
13930393
64797921
55447585
63449606
42039386
70372212
74647364
17320229
21628500
52493607
56864817
26428713
13525398
19915225
89007529
68853724
32188091
47352641
44708520
76915628
87106837
65757864
36728879
10328351
73716493
49617605
66935184
52914738
83092520
45956017
83006365
35254587
92472270
37900712
98503458
60229057
82804508
97613504
71974651
68465375
43682272
62684638
48204891
20379699
31463965
43675336
94358020
34245544
51101761
96014261
62860266
65050144
26247486
25715599
90436984
70219155
20366004
30123981
30223018
49754368
88739210
97415141
74955615
79099902
17117207
11558944
30725936
79131224
49398151
70639738
60965726
75841876
71288278
87483670
73530647
14656978
57152622
94794962
46340244
81225705
99613687
55917896
20169416
45196879
63116375
82544497
50577938
91306218
54259636
23084660
13789368
28677236
79416281
19518913
67462024
65567510
69716102
74318041
29173365
15206004
47133983
91895303
95579831
25347655
21249737
92212842
86662198
71609325
51726608
48228719
72784873
35728661
85681554
18542286
41563535
93463179
52225025
58696686
56350477
17309631
32334367
13735200
44757848
86553966
17942630
64598605
99249463
25924537
30625333
38921648
88566293
61513825
36178022
58092485
44083244
26106147
42801171
33962825
64452818
29558709
60966889
66293904
46682929
12673484
24543544
87594386
79882487
14654833
44907965
47165742
72645027
98476124
65086506
84193808
16363572
11281018
19721000
12464822
39369695
79852246
43845752
65061090
76469431
48433441
24593315
95844664
54593074
66414102
50860076
30883390
21876077
95388479
83366331
94745920
57464251
30296740
46188982
27743149
41443265
93144374
70276832
95849887
52282933
29798612
38305705
47280713
61994701
37398450
63537777
39147699
46228823
19758396
62253140
66968911
83351801
15791262
79134248
61072603
64752649
60539036
38239050
35009873
29669509
55581299
27759215
71970662
69767025
83214547
99149454
94718993
61473808
58040045
33929480
33074442
97570511
25251962
27928048
94354605
17688693
92096925
64639864
18068399
26697746
32914230
36825816
82724124
81732864
35636130
81368053
46553583
55446043
38517717
55757190
12928292
35572363
21030968
55306189
66050803
25849695
72089139
55387542
95547068
45424403
47179976
20766481
59440549
80239657
60932938
21139299
95890674
44738777
93905879
20895711
79707872
70665709
76716651
67031149
59406865
42205080
73097663
97564920
15650219
54422227
17506685
90825780
23458459
88440416
28765610
89286124
44603059
10550745
10162190
56777644
41917637
80526783
44872749
26268272
84856135
94638986
32534309
98072718
93561878
91080296
33188865
50718272
64588315
26836194
26663209
86016448
59295157
41913203
11791088
26537974
77353951
36862266
64101681
12208499
29159438
57965677
22162612
30639875
42256693
17621858
80653358
22868393
29445124
39627137
14587608
88861092
25532749
35583603
93734486
65125758
31370925
33701690
21613344
38167582
44786168
42835268
78720914
89125225
82898963
83686895
38406592
22049169
92065020
65415429
37415867
63840833
12730080
89818773
18933866
12641958
77845113
75711674
85721004
20159525
52300694
67651017
52788058
14232194
91306317
14808339
99902894
81615643
93377582
79398620
10703143
37924015
83963153
50601562
92061478
83003499
50325393
12126165
61143582
14473833
60396286
62917902
98960908
57148305
25926269
99777939
24471300
53834315
42164072
86574458
90531499
25833763
33876107
51830391
94053448
80608303
60457444
40967246
73473446
75055428
90840886
62597661
77280270
43046278
55448179
46021252
69363441
52456759
32235428
36822054
50876861
65441704
69181871
21743171
32118614
61820288
53409791
32715547
35195163
22921037
59623238
16321999
63088566
95686653
37239164
20842768
20455088
63896243
38148149
65717956
17178874
75408718
24879480
51739554
73156581
21336681
45762720
65823797
91077567
57573817
91856244
48390499
70719034
18743527
50723194
89711040
78379357
43531696
63711310
82131843
12933646
33273778
29595862
49416909
18034100
19302923
11624756
41786234
12751883
72755119
78860621
75791257
84620314
70859020
49661576
35648492
18790395
66946357
17414955
51464981
45465396
17348061
18102431
24019468
90387992
33388205
13277608
35031155
14915825
83324398
66812845
33334679
96836562
82127892
97473054
33102205
28119878
40796912
87940020
20205002
21128109
70545141
26628209
52858363
60360704
72787726
34324158
21253898
27504851
67632531
69323969
98742464
56508835
91634340
62500911
49240324
17835922
30801850
45661965
44541686
97759928
44504178
30117309
87309178
47679644
19101413
51765639
25417417
98558265
65546458
69432516
77228417
90702155
95791252
35313698
10341049
72365690
38151294
94947317
48322226
74541307
77873473
11810404
78859238
64983008
64067554
57714936
31651481
85474419
97078112
27326346
99456892
87324625
89950989
15206755
35977244
96789755
64196666
30179211
23868693
37421000
64251834
19439310
17169217
22515752
12892042
64861683
55118682
84954969
74630764
33263237
60350316
37876168
21157302
93212511
27548712
75127320
66930455
14741381
92059892
52544511
61299392
99825218
33475525
55999646
85404310
32372831
16105630
75052474
16666552
21676727
86990965
86580929
81284478
78547916
80158149
64092098
94959128
29552121
48359161
57297233
77820804
78414984
60714841
17956063
19155828
91117273
35661053
92194104
61715474
64686276
22860022
29290929
82725691
25106960
38935016
48855822
64411502
46313381
68886173
95683200
10178592
68701336
92051597
31333712
35260999
81567642
82959598
98221497
79951070
48419187
78354955
56547107
68285755
69432733
32851730
37269154
97318708
55623703
88393865
92828890
30757861
58835015
78307798
63182721
98932318
66443784
96510315
34080943
95022064
35518365
93417389
47625005
36818893
77672864
35824314
51393651
17477899
19230551
56318244
23644525
51609162
17143554
94755826
33680529
79241203
78732051
40271112
83366626
49403026
91488155
52656202
50654858
13322339
62287075
72945407
55029508
63529343
83480532
30468996
44894556
96971945
75377232
69809587
72513327
98306224
16157114
55053556
96301579
14858386
69922813
98974532
58222561
42771601
47112217
84972623
62532746
15400951
25854221
74151338
52011949
16272146
43194784
65778598
14241945
77189912
32651820
60251382
39794159
29742983
38417728
19567217
59599862
95996674
32127444
85780809
66572871
27830139
76753658
64770813
81718280
37643371
56670895
31653752
60057012
88094508
98264858
51130891
84163251
92519265
77538971
98535506
82793896
15402258
61973203
84648374
34518392
11132139
49001157
45063972
97438930
17705225
96752429
86886363
13257482
94788854
56219866
34247826
75116184
50429321
55203918
24827835
30526085
55635346
87383347
27065077
22187285
70363084
12354836
32498683
96100614
63884886
72630737
42616076
25029839
97892457
37057271
95416111
55645255
16929134
11329851
46027946
15669982
29241839
32121928
24293923
72107026
61958650
16278831
47267921
75828779
65471970
31325117
13539704
90178411
99263871
67377777
63066070
23413182
34548489
80614125
10880486
47780411
48658932
27639231
38417692
39624894
32302959
84501325
88164593
37604527
18620845
66404804
56688884
94205867
58247641
67615498
52587587
49957804
76104205
22589638
89954508
69391994
48343374
34206651
92979647
97042019
61560625
14356418
81676932
36468093
34396406
36291668
43311058
64458734
82934854
66774796
13892637
15571362
62157607
44403457
62225871
33107007
75180100
47850523
86284193
32438998
47092704
45149030
19179311
79823160
67392024
73332309
24416915
72292598
25821612
48399614
29387356
50082359
73400127
33398729
69351345
13522052
85399869
98503476
60113897
59761087
92731502
15297261
21825831
18707574
73148197
87905633
18832182
89925838
21473619
10092873
21434115
58139503
24139433
48605286
72145042
66945422
90457708
90569248
85671562
29133523
30715588
38509266
21508462
24213421
42481556
98958878
68851023
27155778
52930269
13212401
22739601
55119150
64412795
22424253
62759284
95796407
10876516
99855087
34680677
62629195
62957598
67919814
43668085
32296915
56811327
92278969
74094269
29889465
30988682
25466227
22860776
84033844
83223545
80802274
78295651
61748298
91899633
76891389
40610697
43638674
94551243
96974145
99316182
29943369
15540425
57983031
38752473
41984101
46319795
14813626
30353104
51245491
17457429
49685649
52890896
96028121
87346900
99308579
73151099
60428728
31389313
13523374
81179379
57507250
72938324
94026547
56424289
75581978
30221501
78100531
63091621
34664027
54040262
42208912
15400088
57104654
10065101
24599539
90606514
33504178
31718008
29420032
78176379
39142533
97664243
84359144
86055075
58038638
23182131
74124148
41487602
26742785
90699000
52023608
85467389
96169553
79557202
91738907
18308203
29263167
63503027
60311819
92641263
60377327
93045806
36766453
23161724
30212417
44439412
13384497
39942302
91757966
42036042
44325459
36635988
89316665
15796433
64308630
45791484
83455821
41035208
82994138
36461021
90869905
16996051
53152994
45621385
25370079
59771528
96200705
63906548
67340437
38948549
92218447
32990462
19199861
22783559
77377223
67921977
32217837
48608393
32354467
15375194
44446147
68485619
54894413
26847097
39053618
79518777
38591383
56005020
76355704
62379065
96205275
95262069
38027640
79530690
96612846
56246486
47010871
25294767
21965822
77163562
46157958
86975224
39099410
59374086
23610666
89543604
82240062
91963296
43578166
84452508
22369789
21019300
65500080
59596494
80410870
21489570
16653094
85494617
97515046
54203086
86532881
49086710
33376143
93197044
96209035
60749094
47536081
82939238
84555571
55632818
95026925
91889714
16476100
21266537
85149891
98544689
63092842
44973152
49081617
44145797
29561997
47495346
98656675
84586292
34609288
69139578
40098173
24070282
44168513
91563753
64023072
79290063
31400686
89449842
89606087
46400819
89764748
26171877
36017078
67830578
85738571
99960247
81544960
53194106
84324303
94381007
10279204
66212170
42128175
11423502
64229563
58711355
62594114
94429224
86476576
33190236
22791690
55377155
81056672
16582383
25108231
94645908
35261849
58855879
81605796
66271988
47127984
58607513
26560625
97195850
22173527
16838463
62330772
82806231
92649761
90938228
15070742
81166399
28433245
60801358
94667073
88758747
77047519
91998629
72508595
91513072
44780947
19128197
58195859
38009119
45806361
31869280
22100085
48121449
48032170
84607856
79240965
51083384
41245220
31045780
59633915
47273011
50391638
16686072
83850551
66737079
41816564
59654340
58070064
77024446
80647391
78927040
38508455
78015743
48796218
55396300
44180538
72278124
46222252
23381288
30621751
51929426
48129343
40532418
71424285
84488520
86416365
73235366
34317267
79001241
74110642
85270922
15946140
97591441
79196290
70021010
50920124
54382794
76365439
70546697
63908016
24937226
39859665
42552877
20969027
95093027
59436889
97287209
48146370
79428297
50278576
15079619
91946787
23396541
46938434
79404120
28960740
96580466
91640487
31381329
72594618
72857434
80537830
47231303
92743256
16593783
93997930
54708525
60937085
17444031
36863939
92542624
93146236
29325019
55468042
57562220
44589067
31921678
56578560
67977290
40910447
25870250
81048021
60762966
34065366
82797628
75834728
82053144
81408320
66935016
27080570
53430362
83427491
80013528
57618630
95438468
96979848
63220521
47090258
32713981
17643350
53033924
65736426
68985721
25711776
56688845
32039443
12571829
91551029
25049366
79531630
63649457
51187990
74019000
14854155
62918772
92712909
53080808
14493834
94185446
74935603
55155258
76202334
97487466
78927106
79197268
21252839
34486306
80540723
53903679
25792604
28891780
72330034
59762942
73376226
99717254
76000756
30784443
59212289
23765820
57767213
67594683
73721441
59498422
66517409
27376683
66898622
53337284
83520265
45327836
79631690
43124007
32419327
45270157
68866547
48211682
78716943
56078501
55336702
30559147
91891365
60164410
60302797
74430919
84294132
77043485
91418907
52212591
70020876
18884892
46896092
22054892
35034168
17915172
42191151
26052805
98986577
60623697
74710455
44105290
10690048
67998431
37441338
86360774
70942158
59453817
61924064
43907303
83867277
96444652
64258406
16392932
52540208
82340109
13174022
88761090
60154147
60022211
42601739
78299270
91080667
47361110
87431429
74043219
92861633
64459567
30970023
55752809
11947962
24382955
36080629
95854462
94412967
54565259
81294300
33709575
39531582
73844063
76981536
70907908
97685640
33410710
77924495
33457719
31916151
12532766
81636837
74416717
25407038
44954658
17830078
68004540
38238491
40204169
16363727
30799243
58312467
53964776
97811072
97418528
31471336
86529468
88770889
99789699
19827295
34505701
95898196
18796997
79296782
19583316
49065456
59119992
12394992
63888750
57078110
83902340
41442785
92818256
25798412
85140909
71022576
78556694
34672547
11390693
33180767
86401638
35743790
63075966
87387012
66312785
84273767
69664464
59666820
62521550
41412274
56725173
19796518
20234869
41813034
92587431
63817300
16338823
93099971
34619544
16329138
64641434
52078247
33797861
47031588
19246433
13550620
29976003
15576003
37869037
88730971
38027142
96088881
50404355
51016647
34726885
74903273
46341407
73488951
94473257
93170709
15986464
64231423
91264186
72527002
95331455
62015826
74875828
88489464
24442296
22375186
10500767
18078219
71392862
15640338
68344834
52317006
56246869
52267544
99216063
76760479
17910571
43442592
46336506
27496250
26972950
33200062
48820791
78584224
32617028
92483894
61461724
12319808
58128775
15326631
90551870
10316397
47267901
18180285
20507580
38009595
83500174
45005557
99476188
36835394
70773975
56574481
92132695
38956806
93514612
55288557
57618595
50345857
32743327
31450401
49415034
80014131
47433008
13872741
88851048
25087575
45414321
45694159
10609132
53157183
15388441
95725596
38276411
42206735
16249775
12676554
77235592
38741718
81676955
75449490
30094738
42062288
80511372
35028365
29606871
35715450
98440363
68315023
27744615
93080532
66822758
16856434
91471174
69331670
38843003
66919091
40353932
40386525
50275722
62941658
98340591
93384568
81090462
77204368
22485254
13180442
64798827
30227973
70966236
38207361
97534809
53522726
46399234
27157377
47058916
98956084
34276552
98563331
54723439
20891044
41585999
14093463
32846784
95610244
73267415
15539709
41657308
79716354
33104624
17967623
67935210
27089686
85026083
31724216
33469514
41488223
17303940
21955355
37524697
54158717
75027576
95450166
13661743
78408117
27433307
35657436
14234970
53197195
40627837
29866936
39084628
28109341
93715246
53858064
90949278
39428901
94121890
42384540
79759526
81156203
48671849
57929692
68070602
40019258
66996740
51713166
60383314
31145391
48662034
46264594
58565611
91102024
53945246
17375002
13112313
46508728
83410328
57603338
85866322
17431423
96990179
72545066
34348068
39312200
60530272
53269038
82175419
37324844
22922994
85840077
68793203
84923930
83062640
52005157
43121296
40763665
53992310
10297203
30201867
81806420
47444302
52868379
31164511
18740728
84399478
52019341
60912051
25058975
73285145
83337531
26289040
31213138
10639130
75270351
63674834
87962931
61513092
54831509
99862265
96015755
16657047
94361652
46009896
89629196
87374597
30035989
98029117
15535866
28893305
20048996
26863739
21435547
24863096
53729655
55135186
74586244
37137067
28543938
37699038
55098694
65935373
29838928
41550340
28015314
15301105
65559585
27776936
17524971
77561505
71436468
89110428
98827530
13837801
18584970
78971657
71439015
60713910
55336333
98982169
64021290
51061790
45900381
40468920
77812658
85105330
41815983
64516381
53510636
64120539
80798345
27063894
42848764
56492264
17027614
68013163
96638116
35959785
18499773
53806471
62048575
99959156
80630238
64753681
20832615
42266747
13151695
75286570
56522276
84082014
89817432
39957921
95421455
45026743
83173569
68444589
42294874
72144531
67202428
40400237
71139002
15275025
76779516
31506841
29721789
92274986
56466446
39012625
55707883
75493794
87806827
59247319
64764198
83454848
73636461
32310376
64983588
75297491
15272504
51864610
68899464
40371776
78981400
69662158
13314135
32058001
89978651
23200566
59555913
51943226
40162676
62730983
90192786
34303536
40681415
59590118
11784520
42929006
91010161
86240262
50619366
69723004
71377602
84869347
16782011
23831231
27772770
11657057
28303915
59051184
75478278
91092290
88659800
99354434
49718503
74935842
54200437
24120681
95057728
85199748
49961307
71581424
86156340
29990270
24969706
83335284
77630725
82229455
93876103
33978840
13893853
52759846
52139619
12127423
32510298
84053395
32697966
31123605
50435799
83695963
85734635
50794293
94802846
16233048
30793067
58149109
76085670
69381894
90855145
83388280
76777578
80262741
81477256
97297441
90000674
94982231
40783441
67208898
94730774
64763322
91320406
33732706
68226664
60739506
19077286
97156230
61883887
52835165
31853155
28654328
14015658
52612975
97345406
48170172
15937119
98769771
34847500
28820264
70607338
54259180
51310881
56203384
94255624
78012638
72429307
58344409
73020260
50882570
36441040
17368794
47741710
62522554
92797020
74631263
49292935
56074413
19053753
67996817
65743137
66642698
45041579
89767986
25093928
69816034
99443589
63010493
62832162
71367423
78350493
15898446
48240180
84485775
21089191
44159201
77866178
67063102
22601404
81177465
42932935
35478130
69534129
19785584
19496403
18957228
59424336
54790869
76621057
65334557
67697034
14741014
72833393
23265943
40894155
71159947
28906156
68644444
23796494
10677851
15570468
40008003
96990147
59385238
11892189
57165958
60343616
71812773
54711309
82299095
20542709
77987271
31299327
64442921
23955037
90821535
42422435
78319179
30387773
67132611
98785154
16529873
37446854
69096461
21152504
66827389
62741541
68802907
44897016
88864314
69112430
95681147
95556454
94423484
57713236
25401109
82363765
95006425
55267437
21265911
55451256
78408119
16149471
81417962
48475700
37699252
39666372
74881551
27870399
39732396
77927851
36867132
49082089
22206983
72977900
99564233
63885842
22730252
98296881
56310419
71625563
18866980
54274406
79974947
70975471
18495449
58772997
89878450
60853865
61489319
77508745
88802232
72807679
81035467
96004541
96670194
31483832
55343636
94151436
79764468
18163137
53818976
40278742
43996257
83090075
31661381
95837040
71544887
19476495
31757998
45810467
65496863
94997642
71556117
52255141
66261728
81358436
81507035
26505201
15274725
90836113
18763249
36748957
77644049
18888064
36184428
60743772
16860364
19160795
21701689
83583115
30119374
72094593
33178617
10576482
84402904
78021906
16015864
10724169
45292923
64053902
35477277
26051952
41115007
31936244
32532472
63012527
10231166
69539628
24467609
98012065
20762784
73634660
15449407
53063644
51848849
33186944
48491324
52763494
71941916
67164317
12999513
73711651
10429188
76345874
11433972
99504424
88761919
61430183
99810831
11725561
96887802
57941581
70414428
81888523
36474753
78448997
51089857
60400303
62784590
26893754
50228609
50113824
84334239
88217254
49800361
55250214
34503465
95913788
97739695
30962181
99144815
22556822
58012096
93417348
34237049
76185650
27456787
52381153
29668292
91046919
31315331
22564716
53161887
59119205
12222791
66175447
60626325
39280452
79991600
12020154
71863972
43758997
24516645
12711106
79081523
75493317
36403532
37019020
25609289
12486011
28618236
99621532
20359886
14150594
78525157
96423424
89328833
67568020
35755411
53420686
60351651
17158419
35875493
81453910
85289402
75454512
33756476
41983729
22430267
93827553
71067368
82084346
38103687
94014222
50551459
63371146
78022919
55477251
25228134
76620050
63560848
15300017
74829289
70829243
74020769
90653222
44381039
50760731
98550626
40722974
10956441
12331425
88897019
82130498
52195310
70814940
50129727
57663372
84913955
22435686
66962399
13699029
47348324
83843626
13252862
90815223
79826888
74742134
42371840
30131250
88554605
92645940
33517845
47340482
27862073
52588062
42488375
95232755
82032483
35430229
32516195
62073513
51513300
32379791
46981947
44808360
13582848
80789240
79277417
28017874
57997460
57848141
61174942
91498733
24478831
69804935
11599164
42114425
66134965
22042977
71303438
36136251
77441745
25686914
17148782
24004776
62831604
68464354
44953095
47615456
87419669
10973503
94974203
55519163
62006822
94774609
28750206
20168632
44684769
54884823
35840286
71907305
57481172
98729405
28860595
49226653
77411504
99984961
98711218
10137423
47376931
66279389
53401396
68158234
37826354
42271408
24939440
89432417
63995317
27453095
63610442
72690917
67125547
18845907
43705884
35872301
30216405
55949407
26004932
41645834
83700182
92749729
24984164
98373536
97445159
65936433
52100753
41684505
58112133
56094240
57845028
91551977
83317507
60953930
92057592
39918624
72803924
66479318
82480754
42948869
44905744
36246291
47111738
67840677
76079588
69671934
63934243
31037703
56186512
27526370
98437195
38327092
81999389
54707581
90677149
47186399
54418692
80069146
16071008
38305981
24378288
35295096
14018593
28053349
32759768
38008114
30909687
95591157
87976086
71317687
68943799
70186276
53582819
83653335
42636510
78352383
47913068
19300765
62965154
20747424
49434977
47567804
54005801
58414364
70389795
45861868
58445832
96491198
30145510
23083631
35795795
28299522
18120183
63202024
29566048
10391344
67874415
53253691
49163254
23952443
74543456
68756626
14944929
31734669
88986289
64339022
90952134
91650354
55863930
18238763
92297940
71681864
87007289
27604906
92676652
63316220
76248489
95551974
38471996
50553511
91155008
89021534
25276283
22456525
93805907
40510297
34228024
33519115
36217574
58800384
55464616
90929045
54536638
25293898
78558503
91275005
66745623
31476774
51146002
35379377
88200613
89275545
24831643
84374194
77039646
14505066
58709638
65620717
17712638
36304345
40479318
66778126
17475945
62561401
20814975
96245765
73088507
64616827
65343238
72117123
91226550
46175651
16565155
37450401
20879218
35101290
78440077
29148132
18408014
52202986
30774131
21574051
88388065
44259949
36959536
23722095
41259271
34675127
80838877
72996978
42631511
91968411
51467792
54436802
77122765
59268029
53683775
17786764
43023625
65881141
55507044
61052766
84763017
47686957
92747329
81719032
18544392
45812333
47622261
89004595
50313196
83661276
21039226
19087949
89921633
20683335
57971797
21363675
47069132
94338764
15398388
15328943
70015208
91307077
47090369
91624464
86530237
29438414
37703135
20884503
68703953
81756338
66029001
65091086
86053377
84943691
92514940
58556736
75747359
76254207
20867679
78590336
27808994
67220517
74461982
14010510
63486368
98339440
47419574
13021013
80484168
24587978
24375302
99729578
25378723
21035410
22263218
63025852
54090971
52772490
98517824
77780310
35190454
26213601
30940703
83727157
72817454
43827123
20679822
54914142
52877443
67792249
10874401
72927238
10830472
48330632
83439290
46338553
84217171
12640163
42126833
30738723
79129575
84634584
47674574
22181003
86018841
61594631
91642357
89874390
36153211
47603679
12301114
10753938
11968972
21034234
93803468
96189017
12759710
21876597
75351538
12714353
98676421
59905877
37156255
48874063
84339429
89908908
14961308
11242332
67506817
28194298
22332333
66792193
37594311
73750974
62937473
50576177
27950265
73357523
44889113
59302548
81123791
79892123
53442397
49841726
24612292
63270119
83480890
96736950
17942549
19254309
17338898
40056586
79592367
82056727
86104452
91370885
60917668
95128888
42701503
48187294
42763970
34263632
38437516
45050977
90591929
13184195
48755067
34125079
60781838
57343146
64331505
15184316
12366057
72503197
52786039
62160244
55285189
53981891
76147352
95831944
34246844
85300873
12544105
74275030
79264429
29446782
20314563
99571238
72499839
88082353
22118150
58971846
19556940
38577417
10097380
47351818
60015805
64033682
18493747
11102498
21048488
39664330
95460455
94056333
19808914
91027054
71204382
22945918
78005210
95941061
96366733
61355807
73357991
56709722
94416994
33193014
17529188
92607546
84155983
85066628
50711206
33179763
27808945
53716700
83856018
98463371
48242411
36352821
61092379
35944726
81430759
38223261
45765722
11757397
22972710
34724981
77158115
29201203
28260469
43956871
10217573
47037281
92279550
71489737
17926510
43184843
59818007
60200383
11991676
98607897
65747355
35299870
79497613
29707165
62791577
41385107
85084774
75847728
93644907
19257978
15814092
54102315
31923464
62203466
43063979
46935652
91716542
12015599
97842719
88067264
63264196
99507352
48798250
45200550
68419226
89107875
31578271
89874734
56094978
47528642
39813310
40868908
57892492
57236419
30262976
45148061
26726168
37068460
92742706
90993539
70953435
18877932
66124566
16650868
21434423
16975511
98714791
11984871
46192469
61849760
68651016
55856184
46672188
73940972
42347374
17655511
65434825
69104321
16226284
87169476
51431203
32732907
71812585
17143456
55630141
91518893
55269457
41670446
41442703
74308283
44862448
42218926
52554210
58697715
19602473
85914828
35001458
11035789
68264326
72735167
96024304
20244424
67696884
23638123
74148143
20403131
42261585
22115631
35185389
82251862
22014299
70447979
32471572
40633101
21203442
66731987
69739287
48768986
87130379
93013293
86941312
53342720
22071484
93504235
58292304
75329918
16354758
22308647
36380320
40220903
32246408
68716791
99968216
47234380
60668161
13966318
62322589
21937727
77690472
15944473
94363845
43943088
44854857
61053726
74127017
95809102
81952759
52884134
69902093
51969179
52688769
57545623
22629243
22469349
39745964
93301107
50163853
33182586
92549928
16768088
53294312
79641865
99796552
56839837
96399193
50069696
23933387
77699191
89948090
25838486
45708784
93195360
18240205
22166138
54874410
75899340
92076848
34882914
23059111
26821766
65614851
17396566
46901565
48510385
37903799
42364506
79290610
94269449
38078016
73285277
27123820
70635639
58349596
10955723
92313347
63986956
37285606
66077685
77458559
94248631
95332941
45566846
52039741
11112298
23412245
20024904
67377991
74529526
47350501
19680316
75941437
38772925
78123743
73460295
29286300
65534047
49892267
91454082
39274471
11800631
51715438
71462866
81166651
41415377
39241477
70982274
90500708
21714326
89844987
46692438
53791585
90403649
75977356
15376454
32922804
72579818
22394842
73268193
22856968
62372973
17971907
80629747
54432356
48265464
70534446
49820082
10298071
15308314
26781765
25922916
15429204
74752965
48304045
70482441
87945707
91445195
64155834
64644994
31782701
49569953
85896660
51579826
88735920
78641033
84360419
72840946
78144855
41657527
31070794
52265443
51369597
83135542
75886980
74985997
86163831
44634556
26023677
31486332
12883884
42908091
68927155
81721039
79076401
37174128
72550067
10908264
96448206
36938405
16252351
42619340
16770661
93784626
11564775
24356427
54377441
34083638
41568960
36369041
95172652
97939759
31399907
27541563
69744239
99562397
84666024
19526635
53890023
30125869
56843587
56194141
44714278
64006907
60629816
61819497
97536965
72135029
37252269
35769668
19190554
94120777
21007906
30820555
58137830
15210522
39914907
38787657
69998503
16988755
57160612
87517212
43587050
10775756
52442703
57572991
76011222
24496071
93362803
46910527
74539526
72000398
18166232
69102724
92005209
60676444
55461143
68531387
95766357
83380743
53290226
44529833
66657159
52130926
21124413
87484627
29038336
47834985
24946471
66159959
87336258
28062731
97185902
31613257
61920304
89458906
56501481
88268367
34653832
43785361
71072199
62977583
67622733
11786288
57892781
15515577
65648532
48574207
90478230
84407181
32118564
75717917
54495564
86307054
45872276
66153135
76882069
36883422
52321280
49432867
48554267
59880108
72212962
40272664
69237799
74199590
27750635
65252902
96405624
47801981
60295869
22524802
66152685
50541803
51584118
21365857
67804519
36729138
36763873
56495094
25060147
39340366
81979446
90909919
79712178
77131677
79291312
81358487
37059525
25857136
11506516
57848003
43704292
38109069
81767206
90661256
57712093
19384873
77309210
69671187
90282507
84022441
96617759
71195199
70876137
17971706
89299100
27219469
69088393
74215800
21715469
74425136
28345288
96763232
50236311
56267428
43151966
92329137
54668801
89181629
17826621
52821402
62345003
42026618
23797345
33357444
68320525
89848273
18691191
75670289
79036130
24302257
58133061
20029610
30708885
11775958
23243252
37831822
56271106
63703440
34577535
49705058
77198128
76356040
34440954
88847119
29219392
18691361
89416724
11216007
22278460
73133255
34600029
58933081
69036577
32897461
91360452
19848670
27693475
12201347
26358618
19649607
28952944
15307941
66647143
96408417
75886300
97718442
48032614
53027679
40816134
24499006
64930027
82901721
19137232
62437530
95814260
42582406
30262178
67575213
39623628
46204764
73515440
75373459
23147088
11794167
24513766
83130919
58006372
43142121
11105538
85338159
80531628
30204254
51474382
63633942
93874242
50528146
39518460
27891348
37598593
25243188
53792614
27687777
32628487
51023685
52397049
45965087
41669719
98546636
45048374
80410203
26029190
94814266
39296497
25622371
56174196
76651149
76816077
62305723
71672206
21553281
82635113
99644255
34307511
27405787
37079039
29947310
59258505
77895793
22619268
98652703
39466964
48716390
80824253
93605216
45141131
59282428
25412040
74704070
57761477
65749310
89974859
64838555
95268719
94346272
42900941
62340682
70718763
14440526
68146624
74254508
94097915
12448569
97097510
93394208
20586063
86953579
64318731
75422228
66322829
84529794
55166604
19409086
25224208
48594807
72859805
27346287
25400056
83899525
77571683
84755059
36116122
73445263
49942827
16974726
13456558
39926725
31202974
49347593
10297252
38698275
39061858
25367794
77217333
99020827
62465687
60278065
16266933
49992716
43722518
88291213
24842779
26192533
18450753
66640441
88449320
78599196
44923221
36538128
43358328
98164083
37856665
71573467
64311536
47776751
20693050
51516751
83895251
82030587
96285445
31242900
48234745
15044143
31186227
36362800
91641496
10584121
97258333
59575579
37363171
65448844
80194897
70942427
50029951
81471186
54079928
32953502
98557879
76712034
14866964
45400917
61155366
78817877
89432282
72431271
97822266
37641154
44216298
25635614
61684368
60551002
79696084
12236203
13797147
12178368
38917746
25093363
89957308
80344398
91635029
52723277
78606845
79922628
15326204
82088519
24327586
71618472
70756475
65126924
32075329
19433558
99671865
72029172
41097433
27218299
44923000
23872000
78884306
60909484
63000815
66206794
77390241
12957787
12371826
81858544
10815841
56879411
35121975
80050023
58279331
34283927
59795766
80022120
71303326
11710352
25868903
54499313
59525368
92400494
90560477
13558948
13483924